-1743720849,-1743780368,-1743774351,-1743722635,-1743721674,-1743720713,-1743717274,-1743761399,-1743767757,-1743749365,-1743755382,-1743756458,-1743758380,-1743757419,-1743751807,-1743745790,-1743747444,-1743761740
-1743720849,-1743780368,-1743774351,-1743722635,-1743721674,-1743720713,-1743717274,-1743776793,-1743770776,-1743778196,-1743777235,-1743776274,-1743745433,-1743739416,-1743734029,-1743769774,-1743761399,-1743749365,-1743733399,-1743755723,-1743755382,-1743756458,-1743758380,-1743757824,-1743767757,-1743757419,-1743751807,-1743761740
-1743720849,-1743780368,-1743774351,-1743722635,-1743721674,-1743720713,-1743717274,-1743776793,-1743770776,-1743778196,-1743777235,-1743776274,-1743745433,-1743739416,-1743734029,-1743769774,-1743761399,-1743755382,-1743749365,-1743758380,-1743757419,-1743733399,-1743755723,-1743757824,-1743767757,-1743756458,-1743751807,-1743747444,-1743748405,-1743761740
-1743720849,-1743780368,-1743774351,-1743722635,-1743721674,-1743720713,-1743717274,-1743776793,-1743770776,-1743778196,-1743777235,-1743776274,-1743745433,-1743761399,-1743755382,-1743758380,-1743749365,-1743757419,-1743755723,-1743757824,-1743767757,-1743733399,-1743756458,-1743739416,-1743751807,-1743734029,-1743761740,-1743747444
-1743720849,-1743780368,-1743774351,-1743722635,-1743721674,-1743720713,-1743717274,-1743776793,-1743770776,-1743778196,-1743777235,-1743776274,-1743745433,-1743739416,-1743734029,-1743769774,-1743761399,-1743755382,-1743749365,-1743758380,-1743757419,-1743756458,-1743733399,-1743739983,-1743757824,-1743767757,-1743751807,-1743755723,-1743747444,-1743761740,-1743726667,-1743745790
-1743720849,-1743780368,-1743774351,-1743722635,-1743721674,-1743720713,-1743717274,-1743776793,-1743770776,-1743778196,-1743777235,-1743776274,-1743745433,-1743739416,-1743734029,-1743769774,-1743761399,-1743755382,-1743749365,-1743758380,-1743757419,-1743756458,-1743733399,-1743739983,-1743757824,-1743767757,-1743751807,-1743747444,-1743761740,-1743755723,-1743726667,-1743745790
-1743720849,-1743780368,-1743774351,-1743722635,-1743721674,-1743720713,-1743717274,-1743776793,-1743770776,-1743778196,-1743777235,-1743776274,-1743745433,-1743739416,-1743734029,-1743769774,-1743761399,-1743749365,-1743755382,-1743758380,-1743756458,-1743757824,-1743767757,-1743748405,-1743733399,-1743755723,-1743757419,-1743751807,-1743747444,-1743761740,-1743726667,-1743745790
-1743720849,-1743780368,-1743774351,-1743722635,-1743721674,-1743720713,-1743717274,-1743776793,-1743770776,-1743778196,-1743777235,-1743776274,-1743745433,-1743739416,-1743761399,-1743749365,-1743755382,-1743758380,-1743756458,-1743757824,-1743767757,-1743748405,-1743733399,-1743755723,-1743757419,-1743751807,-1743747444,-1743761740,-1743734029,-1743769774,-1743726667,-1743745790
-1743720849,-1743780368,-1743774351,-1743722635,-1743721674,-1743720713,-1743717274,-1743776793,-1743770776,-1743778196,-1743777235,-1743776274,-1743745433,-1743739416,-1743734029,-1743761399,-1743749365,-1743755382,-1743758380,-1743756458,-1743757824,-1743767757,-1743748405,-1743733399,-1743755723,-1743757419,-1743751807,-1743747444,-1743761740,-1743769774,-1743726667,-1743745790
-1743720849,-1743780368,-1743774351,-1743722635,-1743721674,-1743720713,-1743717274,-1743776793,-1743770776,-1743778196,-1743777235,-1743776274,-1743745433,-1743739416,-1743734029,-1743769774,-1743761399,-1743755382,-1743749365,-1743758380,-1743757419,-1743756458,-1743733399,-1743739983,-1743757824,-1743751807,-1743748405,-1743747444,-1743767757,-1743779966,-1743761740,-1743755723,-1743745790,-1743720447,-1743726667,-1743773949
-1743720849,-1743780368,-1743774351,-1743722635,-1743721674,-1743720713,-1743717274,-1743776793,-1743770776,-1743778196,-1743777235,-1743745433,-1743761399,-1743749365,-1743755382,-1743733399,-1743758380,-1743755723,-1743756458,-1743757824,-1743767757,-1743757419,-1743751807,-1743761740,-1743747444
-1743720849,-1743780368,-1743774351,-1743722635,-1743721674,-1743720713,-1743717274,-1743776793,-1743770776,-1743778196,-1743777235,-1743776274,-1743745433,-1743739416,-1743734029,-1743769774,-1743761399,-1743755382,-1743749365,-1743758380,-1743757419,-1743756458,-1743757824,-1743767757,-1743751807,-1743747444,-1743761740,-1743733399,-1743755723,-1743726667,-1743745790
-1743720849,-1743780368,-1743774351,-1743722635,-1743721674,-1743720713,-1743717274,-1743776793,-1743770776,-1743778196,-1743777235,-1743776274,-1743745433,-1743739416,-1743734029,-1743769774,-1743761399,-1743755382,-1743749365,-1743758380,-1743757419,-1743756458,-1743733399,-1743739983,-1743757824,-1743751807,-1743767757,-1743747444,-1743761740,-1743755723,-1743726667,-1743745790
-1743720849,-1743780368,-1743774351,-1743722635,-1743721674,-1743720713,-1743717274,-1743776793,-1743770776,-1743778196,-1743777235,-1743776274,-1743745433,-1743739416,-1743734029,-1743769774,-1743761399,-1743755382,-1743758380,-1743749365,-1743755723,-1743757419,-1743751807,-1743761740,-1743757824,-1743767757,-1743726667,-1743733399
-1743720849,-1743780368,-1743774351,-1743722635,-1743721674,-1743720713,-1743717274,-1743776793,-1743770776,-1743778196,-1743777235,-1743776274,-1743745433,-1743739416,-1743734029,-1743769774,-1743761399,-1743755382,-1743749365,-1743758380,-1743757419,-1743756458,-1743733399,-1743739983,-1743757824,-1743751807,-1743748405,-1743747444,-1743779966,-1743763757,-1743767757,-1743761740,-1743755723,-1743745790,-1743720447,-1743726667,-1743773949
-1743720849,-1743780368,-1743774351,-1743722635,-1743721674,-1743720713,-1743717274,-1743776793,-1743770776,-1743778196,-1743777235,-1743776274,-1743745433,-1743761399,-1743749365,-1743755382,-1743758380,-1743755723,-1743756458,-1743757824,-1743767757,-1743739416,-1743757419,-1743733399,-1743751807,-1743734029,-1743761740,-1743747444
-1743720849,-1743780368,-1743774351,-1743722635,-1743721674,-1743720713,-1743717274,-1743776793,-1743770776,-1743778196,-1743777235,-1743776274,-1743745433,-1743739416,-1743734029,-1743769774,-1743761399,-1743749365,-1743733399,-1743755723,-1743755382,-1743758380,-1743756458,-1743757824,-1743767757,-1743757419,-1743751807,-1743748405,-1743761740
-1743720849,-1743780368,-1743774351,-1743722635,-1743721674,-1743720713,-1743717274,-1743776793,-1743770776,-1743778196,-1743777235,-1743776274,-1743745433,-1743739416,-1743734029,-1743769774,-1743761399,-1743755382,-1743749365,-1743758380,-1743757419,-1743756458,-1743757824,-1743767757,-1743751807,-1743748405,-1743747444,-1743761740,-1743733399,-1743755723,-1743726667,-1743745790
-1743720849,-1743780368,-1743774351,-1743722635,-1743721674,-1743720713,-1743717274,-1743776793,-1743770776,-1743778196,-1743777235,-1743776274,-1743745433,-1743739416,-1743734029,-1743769774,-1743761399,-1743755382,-1743749365,-1743758380,-1743755723,-1743756458,-1743757419,-1743757824,-1743767757,-1743751807,-1743761740
-1743720849,-1743780368,-1743774351,-1743722635,-1743721674,-1743720713,-1743717274,-1743776793,-1743770776,-1743778196,-1743777235,-1743776274,-1743745433,-1743739416,-1743734029,-1743769774,-1743761399,-1743755382,-1743749365,-1743758380,-1743757419,-1743756458,-1743733399,-1743739983,-1743757824,-1743751807,-1743748405,-1743747444,-1743779966,-1743763757,-1743767757,-1743761740,-1743755723,-1743726667,-1743745790
-1743720849,-1743780368,-1743774351,-1743722635,-1743721674,-1743720713,-1743761399,-1743776793,-1743755382,-1743749365,-1743758380,-1743757419,-1743756458,-1743757824,-1743745790,-1743748405,-1743761740
-1743720849,-1743780368,-1743774351,-1743722635,-1743721674,-1743720713,-1743755382,-1743757419,-1743749365,-1743717274,-1743756458,-1743761399,-1743751807,-1743776793,-1743767757,-1743778196,-1743745790,-1743747444,-1743761740
-1743720849,-1743780368,-1743774351,-1743722635,-1743721674,-1743720713,-1743717274,-1743776793,-1743770776,-1743778196,-1743777235,-1743776274,-1743745433,-1743739416,-1743734029,-1743769774,-1743761399,-1743755382,-1743749365,-1743758380,-1743757419,-1743757824,-1743767757,-1743748405,-1743751807,-1743756458,-1743733399,-1743755723,-1743726667,-1743745790
-1743720849,-1743780368,-1743774351,-1743722635,-1743721674,-1743720713,-1743717274,-1743776793,-1743770776,-1743778196,-1743777235,-1743776274,-1743745433,-1743739416,-1743734029,-1743769774,-1743761399,-1743755382,-1743749365,-1743758380,-1743757419,-1743756458,-1743733399,-1743739983,-1743757824,-1743767757,-1743748405,-1743751807,-1743761740,-1743755723,-1743726667,-1743728589,-1743745790
-1743720849,-1743780368,-1743774351,-1743722635,-1743721674,-1743720713,-1743717274,-1743776793,-1743770776,-1743778196,-1743777235,-1743776274,-1743745433,-1743739416,-1743734029,-1743769774,-1743761399,-1743755382,-1743749365,-1743758380,-1743757419,-1743756458,-1743733399,-1743739983,-1743757824,-1743755723,-1743745790,-1743751807,-1743747444,-1743748405,-1743720447,-1743767757,-1743761740,-1743773949,-1743726667,-1743746483,-1743779966,-1743728012,-1743727628,-1743728589
-1743720849,-1743780368,-1743774351,-1743722635,-1743721674,-1743720713,-1743717274,-1743776793,-1743770776,-1743778196,-1743777235,-1743776274,-1743745433,-1743739416,-1743734029,-1743769774,-1743761399,-1743755382,-1743749365,-1743758380,-1743757419,-1743756458,-1743733399,-1743739983,-1743757824,-1743751807,-1743748405,-1743747444,-1743767757,-1743761740,-1743755723,-1743726667,-1743745790
-1743720849,-1743780368,-1743774351,-1743722635,-1743721674,-1743720713,-1743717274,-1743776793,-1743770776,-1743778196,-1743777235,-1743776274,-1743745433,-1743739416,-1743734029,-1743769774,-1743761399,-1743755382,-1743749365,-1743758380,-1743757419,-1743756458,-1743757824,-1743767757,-1743751807,-1743755723,-1743747444,-1743748405,-1743761740,-1743745790,-1743733399,-1743726667,-1743728589
-1743720849,-1743780368,-1743774351,-1743722635,-1743721674,-1743720713,-1743717274,-1743776793,-1743770776,-1743778196,-1743777235,-1743776274,-1743745433,-1743739416,-1743734029,-1743769774,-1743761399,-1743755382,-1743749365,-1743758380,-1743757419,-1743756458,-1743733399,-1743739983,-1743757824,-1743751807,-1743767757,-1743748405,-1743755723,-1743726667,-1743745790,-1743747444,-1743779966,-1743761740
-1743720849,-1743780368,-1743774351,-1743722635,-1743721674,-1743720713,-1743717274,-1743776793,-1743770776,-1743778196,-1743777235,-1743776274,-1743745433,-1743739416,-1743734029,-1743769774,-1743761399,-1743755382,-1743758380,-1743757419,-1743749365,-1743733399,-1743755723,-1743757824,-1743751807,-1743761740,-1743748405,-1743767757,-1743726667,-1743728589,-1743745790
-1743720849,-1743780368,-1743774351,-1743722635,-1743721674,-1743720713,-1743717274,-1743776793,-1743770776,-1743778196,-1743777235,-1743776274,-1743745433,-1743739416,-1743734029,-1743769774,-1743761399,-1743755382,-1743758380,-1743757419,-1743757824,-1743767757,-1743751807,-1743748405,-1743747444,-1743761740,-1743749365,-1743733399,-1743755723,-1743726667,-1743745790
-1743720849,-1743780368,-1743774351,-1743722635,-1743721674,-1743717274,-1743720713,-1743778196,-1743761399,-1743767757,-1743755382,-1743749365,-1743756458,-1743758380,-1743757419,-1743751807,-1743745790,-1743747444,-1743761740
-1743720849,-1743780368,-1743774351,-1743722635,-1743721674,-1743720713,-1743717274,-1743776793,-1743770776,-1743778196,-1743777235,-1743761399,-1743745433,-1743767757,-1743733399,-1743749365,-1743755382,-1743758380,-1743756458,-1743757419,-1743751807,-1743745790,-1743747444,-1743761740
-1743720849,-1743780368,-1743774351,-1743722635,-1743721674,-1743717274,-1743720713,-1743778196,-1743761399,-1743767757,-1743755382,-1743749365,-1743756458,-1743758380,-1743757419,-1743751807,-1743745790,-1743747444,-1743761740
-1743720849,-1743780368,-1743774351,-1743722635,-1743721674,-1743720713,-1743717274,-1743761399,-1743778196,-1743767757,-1743755382,-1743757419,-1743776793,-1743749365,-1743758380,-1743756458,-1743751807,-1743745790,-1743747444,-1743761740
-1743720849,-1743780368,-1743774351,-1743722635,-1743721674,-1743720713,-1743717274,-1743776793,-1743770776,-1743778196,-1743777235,-1743776274,-1743745433,-1743739416,-1743734029,-1743769774,-1743761399,-1743755382,-1743749365,-1743758380,-1743757419,-1743756458,-1743757824,-1743767757,-1743751807,-1743755723,-1743747444,-1743761740,-1743726667,-1743733399
-1743720849,-1743780368,-1743774351,-1743722635,-1743721674,-1743720713,-1743717274,-1743776793,-1743770776,-1743778196,-1743777235,-1743776274,-1743745433,-1743739416,-1743734029,-1743769774,-1743761399,-1743755382,-1743749365,-1743758380,-1743756458,-1743757824,-1743767757,-1743757419,-1743755723,-1743745790,-1743726667,-1743733399,-1743751807,-1743747444,-1743748405,-1743779966,-1743761740
-1743720849,-1743780368,-1743774351,-1743722635,-1743721674,-1743720713,-1743717274,-1743776793,-1743770776,-1743778196,-1743777235,-1743776274,-1743745433,-1743739416,-1743734029,-1743769774,-1743761399,-1743755382,-1743749365,-1743758380,-1743757419,-1743756458,-1743733399,-1743739983,-1743757824,-1743767757,-1743755723,-1743726667,-1743728589,-1743745790,-1743751807,-1743747444,-1743761740
-1743720849,-1743780368,-1743774351,-1743722635,-1743721674,-1743720713,-1743717274,-1743776793,-1743770776,-1743778196,-1743777235,-1743776274,-1743745433,-1743739416,-1743734029,-1743769774,-1743761399,-1743749365,-1743755382,-1743758380,-1743756458,-1743757824,-1743767757,-1743757419,-1743755723,-1743745790,-1743726667,-1743733399,-1743751807,-1743747444,-1743748405,-1743779966,-1743761740
-1743720849,-1743780368,-1743774351,-1743722635,-1743761399,-1743755382,-1743721674,-1743770776,-1743749365,-1743720713,-1743758380,-1743757419,-1743757824,-1743767757,-1743717274,-1743751807,-1743761740,-1743755723,-1743776793,-1743776274,-1743756458,-1743726667,-1743745790
-1743720849,-1743780368,-1743774351,-1743722635,-1743721674,-1743720713,-1743717274,-1743776793,-1743770776,-1743778196,-1743777235,-1743761399,-1743745433,-1743767757,-1743733399,-1743749365,-1743755382,-1743758380,-1743756458,-1743757419,-1743751807,-1743747444,-1743761740,-1743745790,-1743755723
-1743720849,-1743780368,-1743774351,-1743722635,-1743721674,-1743720713,-1743717274,-1743776793,-1743770776,-1743778196,-1743777235,-1743776274,-1743745433,-1743739416,-1743734029,-1743769774,-1743761399,-1743755382,-1743758380,-1743757419,-1743749365,-1743755723,-1743726667,-1743733399,-1743757824,-1743748405,-1743751807,-1743747444,-1743761740
-1743720849,-1743780368,-1743774351,-1743722635,-1743721674,-1743720713,-1743717274,-1743776793,-1743770776,-1743778196,-1743761399,-1743755382,-1743777235,-1743745433,-1743767757,-1743733399,-1743749365,-1743758380,-1743756458,-1743757419,-1743751807,-1743739416,-1743761740,-1743747444,-1743745790,-1743755723
-1743720849,-1743780368,-1743774351,-1743722635,-1743721674,-1743720713,-1743717274,-1743776793,-1743770776,-1743778196,-1743777235,-1743776274,-1743745433,-1743739416,-1743734029,-1743761399,-1743755382,-1743758380,-1743757419,-1743757824,-1743767757,-1743751807,-1743761740,-1743747444,-1743749365,-1743755723,-1743726667,-1743745790
-1743720849,-1743780368,-1743774351,-1743722635,-1743721674,-1743720713,-1743717274,-1743776793,-1743770776,-1743778196,-1743777235,-1743776274,-1743745433,-1743755382,-1743749365,-1743761399,-1743757419,-1743758380,-1743756458,-1743757824,-1743767757,-1743755723,-1743751807,-1743739416,-1743747444,-1743761740,-1743745790,-1743733399,-1743734029,-1743748405,-1743726667,-1743728589
-1743720849,-1743780368,-1743774351,-1743722635,-1743721674,-1743720713,-1743717274,-1743776793,-1743770776,-1743778196,-1743777235,-1743776274,-1743745433,-1743739416,-1743761399,-1743755382,-1743758380,-1743757419,-1743757824,-1743767757,-1743751807,-1743761740,-1743747444,-1743749365,-1743755723,-1743726667,-1743745790
-1743720849,-1743780368,-1743774351,-1743722635,-1743721674,-1743761399,-1743720713,-1743776793,-1743755382,-1743749365,-1743758380,-1743757419,-1743757824,-1743745790,-1743748405,-1743761740
-1743720849,-1743761399,-1743774351,-1743780368,-1743722635,-1743720713,-1743721674,-1743717274,-1743778196,-1743776793,-1743755382,-1743749365,-1743758380,-1743757419,-1743756458,-1743757824,-1743745790,-1743748405,-1743761740
-1743720849,-1743780368,-1743774351,-1743722635,-1743721674,-1743720713,-1743761399,-1743717274,-1743776793,-1743755382,-1743749365,-1743758380,-1743757419,-1743757824,-1743745790,-1743748405,-1743761740
-1743720849,-1743780368,-1743774351,-1743761399,-1743722635,-1743721674,-1743717274,-1743776793,-1743755382,-1743749365,-1743758380,-1743757419,-1743756458,-1743757824,-1743745790,-1743748405,-1743761740
-1743720849,-1743780368,-1743774351,-1743722635,-1743721674,-1743720713,-1743717274,-1743749365,-1743770776,-1743778196,-1743761399,-1743767757,-1743755382,-1743756458,-1743758380,-1743757419,-1743751807,-1743745790,-1743747444,-1743761740
-1743720849,-1743780368,-1743774351,-1743722635,-1743721674,-1743720713,-1743717274,-1743776793,-1743770776,-1743761399,-1743755382,-1743778196,-1743777235,-1743733399,-1743749365,-1743767757,-1743758380,-1743756458,-1743757419,-1743751807,-1743745790,-1743747444,-1743761740